,Date,Open,High,Low,Close,Volume,Market Cap
0,"Aug 23, 2017",0.002247,0.00234,0.00224,0.0023079999999999997,4,45615
1,"Aug 22, 2017",0.0021579999999999998,0.0022789999999999998,0.002148,0.002252,4,43812
2,"Aug 20, 2017",0.00286,0.00286,0.002794,0.002809,0,58056
3,"Aug 19, 2017",0.0023420000000000003,0.002879,0.002261,0.002874,0,47534
4,"Aug 18, 2017",0.002996,0.003048,0.0023309999999999997,0.002344,1,60808
5,"Aug 17, 2017",0.003048,0.0031379999999999997,0.002936,0.003005,3,61870
6,"Aug 16, 2017",0.002908,0.002938,0.0027649999999999997,0.002885,1,59017
7,"Aug 15, 2017",0.002986,0.003055,0.002704,0.002904,1,60601
8,"Aug 14, 2017",0.002843,0.002979,0.002229,0.002978,1,57713
9,"Aug 13, 2017",0.00263,0.002886,0.0021609999999999997,0.0028420000000000003,2,53383
10,"Aug 12, 2017",0.002482,0.0026920000000000004,0.002456,0.002633,41,50383
11,"Aug 11, 2017",0.002323,0.002518,0.002313,0.002484,2,47150
12,"Aug 10, 2017",0.002273,0.002341,0.002257,0.002323,50,46141
13,"Aug 09, 2017",0.002359,0.002365,0.001819,0.002273,15,47880
14,"Aug 08, 2017",0.00234,0.002402,0.002311,0.002361,0,47502
15,"Aug 07, 2017",0.0019,0.0023469999999999997,0.001883,0.002338,7,38563
16,"Aug 06, 2017",0.001693,0.001936,0.0016420000000000002,0.0019039999999999999,13,34356
17,"Aug 05, 2017",0.001656,0.001846,0.001399,0.0016920000000000001,7,33606
18,"Aug 04, 2017",0.001254,0.001662,0.0012490000000000001,0.001656,0,25456
19,"Aug 03, 2017",0.0016760000000000002,0.001689,0.001217,0.001254,15,34028
20,"Aug 02, 2017",0.001939,0.001955,0.001648,0.001673,28,39356
21,"Aug 01, 2017",0.0017460000000000002,0.0017739999999999998,0.001621,0.0016690000000000001,0,35439
22,"Jul 31, 2017",0.0017460000000000002,0.001754,0.0016920000000000001,0.001745,1,35433
23,"Jul 30, 2017",0.001739,0.001757,0.0016649999999999998,0.0017519999999999999,3,35304
24,"Jul 29, 2017",0.001808,0.002006,0.001714,0.0017399999999999998,3,36696
25,"Jul 28, 2017",0.001809,0.001816,0.001807,0.0018149999999999998,0,36709
26,"Jul 27, 2017",0.001591,0.001623,0.001584,0.001623,5,32286
27,"Jul 26, 2017",0.0019199999999999998,0.001954,0.001519,0.001586,4,38975
28,"Jul 25, 2017",0.002069,0.0020829999999999998,0.001704,0.0019190000000000001,2,41987
29,"Jul 24, 2017",0.0020629999999999997,0.002082,0.001693,0.002069,3,41871
30,"Jul 23, 2017",0.002123,0.002123,0.001995,0.002065,5,43086
31,"Jul 21, 2017",0.0016710000000000002,0.0016760000000000002,0.00157,0.001607,0,33914
32,"Jul 20, 2017",0.001691,0.0017620000000000001,0.001443,0.0016589999999999999,0,34331
33,"Jul 19, 2017",0.001359,0.0017929999999999999,0.001328,0.001697,0,27576
34,"Jul 18, 2017",0.001689,0.001761,0.00134,0.001356,3,34290
35,"Jul 17, 2017",0.0014609999999999998,0.0016879999999999998,0.0014609999999999998,0.001685,1,29663
36,"Jul 16, 2017",0.001509,0.001559,0.001396,0.001463,1,30623
37,"Jul 15, 2017",0.0017079999999999999,0.0017109999999999998,0.0015119999999999999,0.001513,0,34674
38,"Jul 14, 2017",0.0015220000000000001,0.001716,0.001443,0.0017109999999999998,74,30886
39,"Jul 13, 2017",0.001575,0.0015949999999999998,0.001509,0.001523,2,31967
40,"Jul 12, 2017",0.0015220000000000001,0.0015869999999999999,0.001483,0.001574,1,30895
41,"Jul 11, 2017",0.001217,0.001553,0.001172,0.0015300000000000001,22,24701
42,"Jul 10, 2017",0.001478,0.001511,0.001186,0.00122,13,30001
43,"Jul 09, 2017",0.001198,0.0014960000000000002,0.001198,0.001475,15,24320
44,"Jul 08, 2017",0.001451,0.001469,0.00118,0.0011970000000000001,24,29451
45,"Jul 07, 2017",0.0011539999999999999,0.001466,0.001147,0.00145,2,23426
46,"Jul 06, 2017",0.001248,0.0012490000000000001,0.001233,0.001236,7,25329
47,"Jul 05, 2017",0.001243,0.001255,0.001212,0.001247,7,25235
48,"Jul 04, 2017",0.001623,0.0016769999999999999,0.001222,0.0012439999999999999,2,32950
49,"Jul 03, 2017",0.001643,0.0017289999999999999,0.0016300000000000002,0.001703,4,33350
50,"Jul 02, 2017",0.001444,0.001656,0.001091,0.0016489999999999999,5,29314
51,"Jul 01, 2017",0.0014960000000000002,0.0015220000000000001,0.0014320000000000001,0.001444,0,30356
52,"Jun 30, 2017",0.001537,0.0015550000000000002,0.00149,0.0014960000000000002,24,31189
53,"Jun 29, 2017",0.001251,0.001253,0.001243,0.00125,3,25387
54,"Jun 28, 2017",0.001213,0.001268,0.001202,0.0012519999999999999,3,24613
55,"Jun 24, 2017",0.001076,0.001088,0.001076,0.0010869999999999999,3,21843
56,"Jun 23, 2017",0.001149,0.001167,0.001074,0.001076,15,23323
57,"Jun 22, 2017",0.001149,0.001149,0.001149,0.001149,2,23323
58,"Jun 21, 2017",0.001074,0.001074,0.001074,0.001074,0,21802
59,"Jun 20, 2017",0.001074,0.001074,0.001074,0.001074,0,21802
60,"Jun 18, 2017",0.001074,0.001074,0.001074,0.001074,1,21802
61,"Jun 17, 2017",0.001074,0.001074,0.001074,0.001074,2,21802
62,"Jun 16, 2017",0.000893,0.001074,0.000857,0.001074,2,18128
63,"Jun 15, 2017",0.000983,0.0010019999999999999,0.000787,0.0008939999999999999,55,19951
64,"Jun 14, 2017",0.001341,0.001348,0.0009400000000000001,0.000983,15,27214
65,"Jun 13, 2017",0.001294,0.001353,0.0012929999999999999,0.001341,12,26270
66,"Jun 12, 2017",0.0014869999999999998,0.001714,0.001234,0.001299,24,30187
67,"Jun 11, 2017",0.0017350000000000002,0.0017850000000000001,0.001471,0.001489,0,35211
68,"Jun 10, 2017",0.001349,0.001739,0.001347,0.001736,57,27381
69,"Jun 09, 2017",0.001149,0.001367,0.001144,0.001347,4,23312
70,"Jun 08, 2017",0.001318,0.001371,0.001108,0.00115,2,26761
71,"Jun 07, 2017",0.001204,0.001379,0.0010890000000000001,0.001312,59,24438
72,"Jun 06, 2017",0.001024,0.001208,0.001024,0.001204,9,20785
73,"Jun 05, 2017",0.000956,0.002501,0.000956,0.001021,1679,19412
74,"Jun 04, 2017",0.000944,0.0009699999999999999,0.000941,0.000956,1,19163
75,"Jun 03, 2017",0.000916,0.000917,0.0009109999999999999,0.0009119999999999999,0,18587
76,"Jun 02, 2017",0.0008880000000000001,0.000916,0.000877,0.000916,0,18022
77,"Jun 01, 2017",0.000869,0.000927,0.000869,0.0008869999999999999,1,17640
78,"May 31, 2017",0.00081,0.000878,0.0008,0.000868,2,16448
79,"May 30, 2017",0.000866,0.000866,0.000734,0.000807,3,17569
80,"May 29, 2017",0.0008560000000000001,0.000883,0.000834,0.000865,0,17365
81,"May 28, 2017",0.0007570000000000001,0.0008460000000000001,0.0007570000000000001,0.000819,1,15366
82,"May 27, 2017",0.000828,0.0008529999999999999,0.000697,0.000753,1,16800
83,"May 26, 2017",0.000778,0.0008789999999999999,0.000678,0.000825,3,15796
84,"May 25, 2017",0.0009119999999999999,0.0009390000000000001,0.000763,0.000784,61,18514
85,"May 23, 2017",0.000822,0.000843,0.000822,0.0008349999999999999,0,16684
86,"May 22, 2017",0.0008119999999999999,0.000877,0.000789,0.0008230000000000001,0,16484
87,"May 21, 2017",0.000798,0.000814,0.000779,0.000788,0,16195
88,"May 20, 2017",0.0007650000000000001,0.000799,0.0007650000000000001,0.000798,1,15535
89,"May 19, 2017",0.0007509999999999999,0.000768,0.0007440000000000001,0.000766,7,15239
90,"May 17, 2017",0.000591,0.000607,0.000585,0.000606,0,11999
91,"May 16, 2017",0.000575,0.000596,0.000573,0.000591,0,11677
92,"May 14, 2017",0.000676,0.000684,0.0006730000000000001,0.000679,5,13723
93,"May 13, 2017",0.000641,0.000675,0.000637,0.000674,5,13010
94,"May 12, 2017",0.0006580000000000001,0.000659,0.000627,0.000642,0,13351
95,"May 11, 2017",0.000644,0.000669,0.000644,0.000657,28,13062
96,"May 10, 2017",0.000597,0.000604,0.000584,0.000602,1,12122
97,"May 09, 2017",0.000603,0.000642,0.000584,0.000597,1,12247
98,"May 08, 2017",0.00058,0.00063,0.000579,0.000603,11,11772
99,"May 07, 2017",0.0005690000000000001,0.00057,0.000562,0.000562,1,11541
100,"May 06, 2017",0.00055,0.0005679999999999999,0.000547,0.0005679999999999999,4,11163
101,"May 05, 2017",0.000539,0.000566,0.000539,0.0005610000000000001,2,10947
102,"May 04, 2017",0.000522,0.000563,0.000522,0.000538,2,10590
103,"May 03, 2017",0.000552,0.000558,0.0005099999999999999,0.000522,1,11213
104,"May 02, 2017",0.0004969999999999999,0.000553,0.000496,0.000552,47,10095
105,"May 01, 2017",0.000472,0.0005070000000000001,0.000472,0.0004980000000000001,14,9578
106,"Apr 30, 2017",0.000396,0.0005009999999999999,0.000396,0.000472,206,8032
107,"Apr 29, 2017",0.00038199999999999996,0.00038500000000000003,0.00038199999999999996,0.00038500000000000003,1,7757
108,"Apr 28, 2017",0.00044800000000000005,0.00044800000000000005,0.000375,0.00038199999999999996,1,9094
109,"Apr 27, 2017",0.00037200000000000004,0.000449,0.00037200000000000004,0.00044800000000000005,13,7545
110,"Apr 26, 2017",0.00032900000000000003,0.000376,0.00032900000000000003,0.00037200000000000004,51,6681
111,"Apr 25, 2017",0.00031299999999999996,0.00033,0.00031299999999999996,0.00032900000000000003,4,6355
112,"Apr 24, 2017",0.000315,0.00031800000000000003,0.000315,0.00031800000000000003,3,6384
113,"Apr 23, 2017",0.00032,0.00032,0.00031299999999999996,0.000314,3,6501
114,"Apr 22, 2017",0.00031800000000000003,0.000321,0.000314,0.00032,1,6453
115,"Apr 21, 2017",0.000308,0.00031800000000000003,0.000304,0.00031800000000000003,0,6255
116,"Apr 20, 2017",0.000303,0.000306,0.000302,0.000306,1,6145
117,"Apr 19, 2017",0.000302,0.000303,0.000301,0.000303,1,6127
118,"Apr 18, 2017",0.00028700000000000004,0.000292,0.00028700000000000004,0.000291,1,5815
119,"Apr 17, 2017",0.000272,0.00028700000000000004,0.00027,0.00028700000000000004,1,5524
120,"Apr 16, 2017",0.000281,0.00028399999999999996,0.000272,0.000272,6,5712
121,"Apr 15, 2017",0.000285,0.000285,0.000281,0.000281,0,5777
122,"Apr 13, 2017",0.000288,0.00028900000000000003,0.000281,0.00028399999999999996,1,5851
123,"Apr 12, 2017",0.000277,0.00028900000000000003,0.000275,0.000288,4,5625
124,"Apr 11, 2017",0.000277,0.000278,0.000276,0.000277,2,5619
125,"Apr 10, 2017",0.000273,0.00027400000000000005,0.000271,0.000273,0,5543
126,"Apr 09, 2017",0.000271,0.000275,0.000271,0.000273,0,5497
127,"Apr 07, 2017",0.000271,0.000272,0.000268,0.000271,19,5504
128,"Apr 06, 2017",0.000267,0.000273,0.000267,0.000272,19,5417
129,"Apr 04, 2017",0.000252,0.000254,0.00024700000000000004,0.00024900000000000004,2,5115
130,"Apr 03, 2017",0.000254,0.000262,0.000251,0.000252,3,5149
131,"Apr 02, 2017",0.00023799999999999998,0.00025499999999999996,0.00023700000000000001,0.00025299999999999997,1,4825
132,"Apr 01, 2017",0.000236,0.00023999999999999998,0.000233,0.00023799999999999998,0,4792
133,"Mar 30, 2017",0.000229,0.000231,0.00022400000000000002,0.000225,0,4654
134,"Mar 29, 2017",0.000241,0.000242,0.000223,0.000229,4,4884
135,"Mar 28, 2017",0.00023999999999999998,0.000245,0.000236,0.000241,1,4877
136,"Mar 27, 2017",0.000204,0.000241,0.000204,0.000241,1,4143
137,"Mar 26, 2017",0.00022400000000000002,0.00022999999999999998,0.00020099999999999998,0.00020299999999999997,2,4547
138,"Mar 25, 2017",0.000206,0.00022400000000000002,0.000199,0.00022400000000000002,1,4182
139,"Mar 24, 2017",0.00022799999999999999,0.000229,0.000206,0.000206,1,4637
140,"Mar 23, 2017",0.000231,0.000233,0.000226,0.00022799999999999999,1,4689
141,"Mar 22, 2017",0.00022400000000000002,0.00023500000000000002,0.000223,0.000231,2,4551
142,"Mar 20, 2017",0.00022799999999999999,0.000233,0.00022799999999999999,0.000229,0,4632
143,"Mar 19, 2017",0.000215,0.00023500000000000002,0.000215,0.00022799999999999999,0,4362
144,"Mar 18, 2017",0.00021400000000000002,0.000218,0.00021099999999999998,0.00021400000000000002,0,4353
145,"Mar 17, 2017",0.000248,0.000248,0.00023500000000000002,0.000245,0,5030
146,"Mar 16, 2017",0.0003,0.000301,0.000242,0.00024900000000000004,37,6096
147,"Mar 15, 2017",0.00031,0.000312,0.000298,0.0003,1,6293
148,"Mar 14, 2017",0.000308,0.00031099999999999997,0.00022200000000000003,0.00031,113,6252
149,"Mar 13, 2017",0.000281,0.000309,0.00028,0.000308,0,5704
150,"Mar 12, 2017",0.00031800000000000003,0.000319,0.000272,0.000281,13,6464
151,"Mar 11, 2017",0.000279,0.000298,0.000279,0.000296,1,5665
152,"Mar 10, 2017",0.000297,0.00031800000000000003,0.000269,0.000279,1,6035
153,"Mar 09, 2017",0.00032900000000000003,0.000335,0.000297,0.000297,1,6671
154,"Mar 07, 2017",0.000356,0.000357,0.00035299999999999996,0.000354,2,7236
155,"Mar 06, 2017",0.00035499999999999996,0.000357,0.00035499999999999996,0.000356,2,7200
156,"Mar 05, 2017",0.000301,0.000301,0.000297,0.000299,1,6110
157,"Mar 04, 2017",0.00035800000000000003,0.00035800000000000003,0.000295,0.000301,1,7260
158,"Mar 03, 2017",0.00035,0.00035800000000000003,0.00035,0.000357,1,7108
159,"Mar 02, 2017",0.00031800000000000003,0.00035299999999999996,0.00031600000000000004,0.00035,1,6463
160,"Mar 01, 2017",0.000319,0.00032,0.000283,0.00031800000000000003,4,6467
161,"Feb 28, 2017",0.000295,0.00032,0.00027,0.000319,38,5991
162,"Feb 27, 2017",0.000295,0.000295,0.000294,0.000295,4,5991
163,"Feb 26, 2017",0.000298,0.000303,0.000294,0.000303,0,6039
164,"Feb 25, 2017",0.000357,0.000357,0.000292,0.000297,1,7256
165,"Feb 24, 2017",0.000305,0.000312,0.000294,0.000305,6,6189
166,"Feb 23, 2017",0.0003,0.000306,0.0003,0.000303,6,6084
167,"Feb 22, 2017",0.000323,0.000324,0.000319,0.000324,3,6562
168,"Feb 21, 2017",0.00031299999999999996,0.000324,0.000312,0.000323,3,6353
169,"Feb 20, 2017",0.000294,0.00031299999999999996,0.000292,0.00031299999999999996,0,5960
170,"Feb 19, 2017",0.000295,0.000306,0.000293,0.000293,12,5994
171,"Feb 18, 2017",0.000241,0.000297,0.000241,0.000295,4,4898
172,"Feb 17, 2017",0.00037999999999999997,0.00038199999999999996,0.00023700000000000001,0.000241,11,7706
173,"Feb 16, 2017",0.000181,0.00038199999999999996,0.000181,0.00037999999999999997,101,3681
174,"Feb 15, 2017",0.000181,0.000182,0.000181,0.000181,6,3674
175,"Feb 14, 2017",0.00022799999999999999,0.000233,0.000227,0.00022999999999999998,0,4630
176,"Feb 13, 2017",0.00021,0.00022799999999999999,0.000205,0.00022799999999999999,1,4258
177,"Feb 12, 2017",0.00031,0.00031,0.00015,0.00021,100,6292
178,"Feb 11, 2017",0.000307,0.00031099999999999997,0.000305,0.00031099999999999997,0,6222
179,"Feb 10, 2017",0.00037799999999999997,0.00037999999999999997,0.000293,0.000306,0,7679
180,"Feb 09, 2017",0.00035099999999999997,0.00037799999999999997,0.000324,0.00037799999999999997,55,7131
181,"Feb 08, 2017",0.000276,0.00035299999999999996,0.00027,0.00035099999999999997,3,5606
182,"Feb 07, 2017",0.00026000000000000003,0.00032900000000000003,0.000254,0.000276,7,5278
183,"Feb 06, 2017",0.00024700000000000004,0.00026000000000000003,0.00024700000000000004,0.00026000000000000003,1,5010
184,"Feb 05, 2017",0.00023999999999999998,0.00024700000000000004,0.000236,0.00024700000000000004,8,4872
185,"Feb 04, 2017",0.00023700000000000001,0.000241,0.000233,0.00023999999999999998,1,4815
186,"Feb 03, 2017",0.000202,0.00023700000000000001,0.000202,0.00023700000000000001,44,4106
187,"Feb 02, 2017",0.000198,0.00020299999999999997,0.000197,0.000202,2,4015
188,"Feb 01, 2017",0.000194,0.000198,0.000194,0.000198,2,3939
189,"Jan 31, 2017",0.000175,0.000194,0.000175,0.000194,3,3549
190,"Jan 30, 2017",0.000184,0.000185,0.000175,0.000175,5,3733
191,"Jan 29, 2017",0.000184,0.000185,0.000184,0.000184,4,3741
192,"Jan 28, 2017",0.000184,0.000185,0.000184,0.000184,1,3734
193,"Jan 27, 2017",0.000184,0.000184,0.000183,0.000184,0,3725
194,"Jan 26, 2017",0.000144,0.000184,0.000144,0.000184,1,2928
195,"Jan 25, 2017",0.000143,0.000172,0.000143,0.000144,1,2899
196,"Jan 24, 2017",0.000173,0.000176,0.000143,0.000143,0,3512
197,"Jan 23, 2017",0.000148,0.000176,0.000138,0.000175,1,3003
198,"Jan 22, 2017",0.00015,0.00015,0.000144,0.000148,1,3045
199,"Jan 21, 2017",0.000134,0.000138,0.000134,0.000138,0,2725
200,"Jan 20, 2017",0.000153,0.000153,0.000133,0.000134,0,3102
201,"Jan 19, 2017",0.00011499999999999999,0.000154,0.00011499999999999999,0.000153,15,2339
202,"Jan 18, 2017",0.000127,0.000128,0.00011200000000000001,0.00011499999999999999,0,2580
203,"Jan 17, 2017",0.00011599999999999999,0.000127,0.00011599999999999999,0.000127,0,2363
204,"Jan 16, 2017",0.000131,0.000133,0.00011499999999999999,0.00011599999999999999,0,2669
205,"Jan 15, 2017",0.000123,0.000132,0.000122,0.000131,0,2492
206,"Jan 14, 2017",0.00010700000000000001,0.000125,0.000106,0.000123,1,2174
207,"Jan 13, 2017",0.000117,0.000121,0.00010400000000000001,0.00010700000000000001,1,2384
208,"Jan 12, 2017",0.000117,0.000117,0.000113,0.00011499999999999999,0,2368
209,"Jan 11, 2017",0.00013700000000000002,0.000138,0.00011399999999999999,0.000117,0,2789
210,"Jan 10, 2017",0.000117,0.00011899999999999999,0.000117,0.00011899999999999999,0,2382
211,"Jan 09, 2017",0.00011599999999999999,0.000118,0.00011399999999999999,0.000117,0,2358
212,"Jan 08, 2017",0.000127,0.000132,0.000126,0.00013000000000000002,0,2582
213,"Jan 07, 2017",0.000117,0.000127,0.00011499999999999999,0.000127,1,2381
214,"Jan 06, 2017",0.00014199999999999998,0.000147,0.00013700000000000002,0.000139,0,2880
215,"Jan 05, 2017",0.000164,0.000167,0.000127,0.00014099999999999998,0,3339
216,"Jan 04, 2017",0.000146,0.00015800000000000002,0.000146,0.00015800000000000002,0,2966
217,"Jan 03, 2017",0.000144,0.000146,0.000144,0.000146,0,2922
218,"Jan 01, 2017",0.000135,0.000135,0.000134,0.000134,0,2739
219,"Dec 31, 2016",0.00016299999999999998,0.000164,0.000133,0.000135,0,3317
220,"Dec 30, 2016",0.00016,0.000164,0.00016,0.00016299999999999998,25,3249
221,"Dec 29, 2016",0.000117,0.000118,0.00011599999999999999,0.000117,0,2377
222,"Dec 28, 2016",0.000121,0.000125,0.00011399999999999999,0.000117,0,2462
223,"Dec 27, 2016",0.000109,0.000122,0.000109,0.000121,1,2211
224,"Dec 26, 2016",0.000117,0.00011899999999999999,9.9e-05,0.000109,2,2365
225,"Dec 25, 2016",9.9e-05,0.000117,9.499999999999999e-05,0.000117,0,2007
226,"Dec 24, 2016",0.000101,0.00011,9.7e-05,9.9e-05,1,2059
227,"Dec 23, 2016",9.499999999999999e-05,0.000102,9.499999999999999e-05,0.000101,1,1930
228,"Dec 22, 2016",0.000113,0.000121,9.499999999999999e-05,9.499999999999999e-05,4,2299
229,"Dec 21, 2016",8.8e-05,8.9e-05,8.8e-05,8.9e-05,1,1788
230,"Dec 20, 2016",8.7e-05,8.8e-05,8.7e-05,8.8e-05,1,1770
231,"Dec 19, 2016",0.00011100000000000001,0.00011100000000000001,8.7e-05,8.7e-05,0,2246
232,"Dec 18, 2016",0.00011,0.00011100000000000001,0.00011,0.00011100000000000001,0,2243
233,"Dec 17, 2016",0.00011,0.00011100000000000001,0.00011,0.00011100000000000001,1,2230
234,"Dec 16, 2016",0.000109,0.00011,0.000109,0.00011,1,2221
235,"Dec 14, 2016",0.000109,0.000109,0.000109,0.000109,0,2218
236,"Dec 13, 2016",0.000109,0.00011,0.000109,0.000109,0,2217
237,"Dec 12, 2016",0.0001,0.000109,0.0001,0.000109,5,2036
238,"Dec 11, 2016",7.7e-05,7.7e-05,7.7e-05,7.7e-05,0,1572
239,"Dec 10, 2016",7.7e-05,8.499999999999999e-05,7.7e-05,7.7e-05,0,1569
240,"Dec 09, 2016",7.7e-05,7.7e-05,7.7e-05,7.7e-05,0,1565
241,"Dec 08, 2016",7.7e-05,7.7e-05,7.7e-05,7.7e-05,3,1559
242,"Dec 07, 2016",9.2e-05,9.2e-05,9.1e-05,9.2e-05,0,1861
243,"Dec 06, 2016",7.6e-05,9.2e-05,7.6e-05,9.2e-05,0,1540
244,"Dec 05, 2016",8.499999999999999e-05,8.499999999999999e-05,7.6e-05,7.6e-05,2,1728
245,"Dec 04, 2016",8.499999999999999e-05,8.499999999999999e-05,8.4e-05,8.499999999999999e-05,0,1722
246,"Dec 03, 2016",0.000101,0.000101,8.4e-05,8.499999999999999e-05,1,2053
247,"Dec 02, 2016",9.8e-05,0.000109,9.8e-05,0.000101,13,1999
248,"Dec 01, 2016",8.2e-05,9.9e-05,8.2e-05,9.8e-05,0,1665
249,"Nov 30, 2016",0.000103,0.000103,8.1e-05,8.2e-05,1,2090
250,"Nov 29, 2016",0.000118,0.000118,5.9e-05,0.000103,40,2390
251,"Nov 28, 2016",0.000117,0.000118,0.000117,0.000118,0,2377
252,"Nov 27, 2016",0.000118,0.000169,8.8e-05,0.000117,35,2388
253,"Nov 26, 2016",0.00011100000000000001,0.000118,0.00011,0.000118,0,2258
254,"Nov 25, 2016",0.00016299999999999998,0.00016999999999999999,0.00011100000000000001,0.00011100000000000001,5,3306
255,"Nov 24, 2016",0.000171,0.000172,0.000161,0.00016299999999999998,0,3476
256,"Nov 23, 2016",0.000135,0.000171,0.000134,0.000171,1,2745
257,"Nov 22, 2016",0.000184,0.000185,0.00011200000000000001,0.000135,25,3743
258,"Nov 21, 2016",0.000256,0.00026000000000000003,0.000256,0.000259,0,5193
259,"Nov 20, 2016",0.000729,0.000732,0.000143,0.000256,268,14798
260,"Nov 19, 2016",0.000556,0.000737,0.00039,0.000729,950,11289
261,"Nov 18, 2016",0.00046699999999999997,0.000595,0.000266,0.000556,299,9475
262,"Nov 17, 2016",0.000217,0.00047400000000000003,0.000217,0.00046699999999999997,1328,4411
263,"Nov 16, 2016",0.000128,0.000133,0.000128,0.000132,0,2598
264,"Nov 15, 2016",0.000134,0.000135,0.000128,0.000128,0,2719
265,"Nov 14, 2016",0.000154,0.000155,6.3e-05,0.000134,121,3135
266,"Nov 13, 2016",0.000113,0.000155,0.000113,0.000154,0,2290
267,"Nov 12, 2016",0.000143,0.000143,0.000113,0.000113,4,2908
268,"Nov 11, 2016",0.000143,0.000215,0.000143,0.000143,1,2905
269,"Nov 10, 2016",0.000246,0.000246,0.00014199999999999998,0.000143,0,4991
270,"Nov 09, 2016",0.000348,0.000794,0.000123,0.000246,306,7060
271,"Nov 08, 2016",0.000197,0.000709,0.000197,0.000348,521,4000
272,"Nov 06, 2016",6.3e-05,6.4e-05,6.3e-05,6.4e-05,0,1285
273,"Nov 05, 2016",7e-05,7.099999999999999e-05,6.3e-05,6.3e-05,0,1427
274,"Nov 04, 2016",6.2e-05,7e-05,6.2e-05,7e-05,1,1258
275,"Nov 03, 2016",7.4e-05,7.5e-05,6.1e-05,6.2e-05,1,1508
276,"Nov 01, 2016",7e-05,7.3e-05,7e-05,7.2e-05,0,1423
277,"Oct 31, 2016",7e-05,7.099999999999999e-05,7e-05,7e-05,0,1420
278,"Oct 30, 2016",7.099999999999999e-05,7.099999999999999e-05,7e-05,7e-05,0,1450
279,"Oct 29, 2016",6.4e-05,7.2e-05,6.4e-05,7.099999999999999e-05,0,1309
280,"Oct 28, 2016",5.5e-05,5.5e-05,5.5e-05,5.5e-05,0,1118
281,"Oct 27, 2016",5.4000000000000005e-05,5.5e-05,5.4000000000000005e-05,5.5e-05,0,1101
282,"Oct 26, 2016",5.3e-05,5.4000000000000005e-05,5.3e-05,5.4000000000000005e-05,0,1076
283,"Oct 18, 2016",5.7999999999999994e-05,5.7999999999999994e-05,5.6999999999999996e-05,5.7999999999999994e-05,0,1168
284,"Oct 17, 2016",5.7999999999999994e-05,5.7999999999999994e-05,5.6999999999999996e-05,5.7999999999999994e-05,0,1172
285,"Oct 16, 2016",5.7999999999999994e-05,5.7999999999999994e-05,5.7999999999999994e-05,5.7999999999999994e-05,0,1173
286,"Oct 15, 2016",5.7999999999999994e-05,5.7999999999999994e-05,5.7999999999999994e-05,5.7999999999999994e-05,1,1170
287,"Oct 14, 2016",5.7999999999999994e-05,5.7999999999999994e-05,5.7999999999999994e-05,5.7999999999999994e-05,1,1169
288,"Oct 12, 2016",6.4e-05,6.4e-05,6.4e-05,6.4e-05,0,1301
289,"Oct 11, 2016",6.3e-05,6.4e-05,6.3e-05,6.4e-05,0,1287
290,"Oct 09, 2016",5.6000000000000006e-05,5.6000000000000006e-05,5.6000000000000006e-05,5.6000000000000006e-05,1,1131
291,"Oct 08, 2016",6.2e-05,7.4e-05,5.6000000000000006e-05,5.6000000000000006e-05,4,1253
292,"Oct 07, 2016",4.3e-05,6.2e-05,4.3e-05,6.2e-05,5,871
293,"Oct 02, 2016",6.8e-05,6.8e-05,6.7e-05,6.7e-05,0,1371
294,"Oct 01, 2016",6.8e-05,6.8e-05,6.8e-05,6.8e-05,0,1371
295,"Sep 27, 2016",6.1e-05,6.1e-05,6.1e-05,6.1e-05,0,1234
296,"Sep 26, 2016",6.1e-05,6.1e-05,6.1e-05,6.1e-05,0,1232
297,"Sep 24, 2016",6.6e-05,6.7e-05,6.6e-05,6.6e-05,0,1346
298,"Sep 23, 2016",6.6e-05,6.6e-05,6.6e-05,6.6e-05,0,1346
299,"Sep 22, 2016",7.2e-05,7.2e-05,7.2e-05,7.2e-05,0,1454
300,"Sep 21, 2016",7.2e-05,7.2e-05,7.2e-05,7.2e-05,4,1455
301,"Sep 17, 2016",6.1e-05,6.1e-05,6.1e-05,6.1e-05,0,1232
302,"Sep 16, 2016",6.1e-05,6.1e-05,6.1e-05,6.1e-05,0,1234
303,"Sep 14, 2016",6.1e-05,6.1e-05,6.1e-05,6.1e-05,0,1237
304,"Sep 13, 2016",6.7e-05,6.7e-05,6.1e-05,6.1e-05,0,1358
305,"Sep 12, 2016",6.7e-05,6.7e-05,6.7e-05,6.7e-05,0,1354
306,"Sep 09, 2016",6.3e-05,6.3e-05,6.3e-05,6.3e-05,0,1271
307,"Sep 08, 2016",5.5e-05,6.3e-05,5.5e-05,6.3e-05,0,1123
308,"Sep 06, 2016",6.1e-05,6.1e-05,6.1e-05,6.1e-05,0,1231
309,"Sep 05, 2016",6.1e-05,6.1e-05,5.9999999999999995e-05,6.1e-05,0,1235
310,"Sep 04, 2016",4.8e-05,6.1e-05,4.8e-05,6.1e-05,1,971
311,"Sep 03, 2016",5.2000000000000004e-05,7.2e-05,4.8e-05,4.8e-05,5,1051
312,"Sep 02, 2016",5.2000000000000004e-05,5.2000000000000004e-05,5.2000000000000004e-05,5.2000000000000004e-05,0,1050
313,"Sep 01, 2016",5.2000000000000004e-05,5.2000000000000004e-05,5.2000000000000004e-05,5.2000000000000004e-05,1,1051
314,"Aug 31, 2016",5.2000000000000004e-05,5.2000000000000004e-05,5.2000000000000004e-05,5.2000000000000004e-05,1,1050
315,"Aug 23, 2016",4.1e-05,4.1e-05,4.1e-05,4.1e-05,0,834
316,"Aug 22, 2016",4.1e-05,4.1e-05,4.1e-05,4.1e-05,0,829
317,"Aug 20, 2016",4.6e-05,4.6e-05,4.6e-05,4.6e-05,0,935
318,"Aug 19, 2016",3.4e-05,4.6e-05,3.4e-05,4.6e-05,0,699
319,"Aug 18, 2016",3.4e-05,3.5e-05,3.4e-05,3.4e-05,2,699
320,"Aug 15, 2016",5.6999999999999996e-05,5.6999999999999996e-05,5.6999999999999996e-05,5.6999999999999996e-05,0,1158
321,"Aug 14, 2016",5.7999999999999994e-05,5.7999999999999994e-05,5.6000000000000006e-05,5.6999999999999996e-05,0,1184
322,"Aug 11, 2016",5.9e-05,5.9999999999999995e-05,5.9e-05,5.9e-05,1,1202
323,"Aug 10, 2016",5.9e-05,5.9999999999999995e-05,5.9e-05,5.9e-05,1,1195
324,"Aug 05, 2016",4e-05,4e-05,4e-05,4e-05,1,822
325,"Aug 04, 2016",6.9e-05,6.9e-05,4e-05,4e-05,3,1395
326,"Aug 02, 2016",4.2e-05,4.3e-05,4.2e-05,4.2e-05,0,861
327,"Aug 01, 2016",5e-05,5e-05,4.2e-05,4.2e-05,0,1014
328,"Jul 31, 2016",5.1e-05,5.1e-05,5e-05,5e-05,0,1026
329,"Jul 28, 2016",3.9e-05,3.9e-05,3.9e-05,3.9e-05,19,797
330,"Jul 27, 2016",3.9e-05,3.9e-05,3.9e-05,3.9e-05,19,794
331,"Jul 26, 2016",4.6e-05,4.6e-05,4.6e-05,4.6e-05,0,929
332,"Jul 25, 2016",4.6e-05,4.6e-05,4.6e-05,4.6e-05,0,937
333,"Jul 23, 2016",4.6e-05,4.6e-05,4.5e-05,4.6e-05,3,924
334,"Jul 22, 2016",4.6e-05,4.6e-05,4.5e-05,4.6e-05,3,930
335,"Jul 21, 2016",5.9999999999999995e-05,5.9999999999999995e-05,5.9e-05,5.9999999999999995e-05,0,1216
336,"Jul 20, 2016",6.7e-05,7.4e-05,5.4000000000000005e-05,5.9999999999999995e-05,1,1366
337,"Jul 19, 2016",4.7e-05,7.4e-05,4.7e-05,6.7e-05,2,956
338,"Jul 18, 2016",4.7e-05,4.7e-05,4.7e-05,4.7e-05,24,959
339,"Jul 15, 2016",5.9e-05,5.9999999999999995e-05,5.9e-05,5.9999999999999995e-05,0,1202
340,"Jul 14, 2016",6.500000000000001e-05,8e-05,5.9e-05,5.9e-05,3,1328
341,"Jul 13, 2016",6.6e-05,6.7e-05,6.6e-05,6.6e-05,0,1349
342,"Jul 12, 2016",7.2e-05,7.4e-05,6.6e-05,6.6e-05,3,1463
343,"Jul 11, 2016",5.7999999999999994e-05,5.9e-05,5.7999999999999994e-05,5.7999999999999994e-05,0,1186
344,"Jul 10, 2016",5.9e-05,5.9e-05,5.7999999999999994e-05,5.7999999999999994e-05,0,1189
345,"Jul 09, 2016",5.9999999999999995e-05,8.6e-05,5.6999999999999996e-05,5.9e-05,2,1218
346,"Jul 08, 2016",0.000147,0.000154,5.1e-05,5.9999999999999995e-05,338,2990
347,"Jul 07, 2016",0.000156,0.000225,0.00010400000000000001,0.000147,4541,3166
348,"Jul 06, 2016",6.7e-05,6.8e-05,6.7e-05,6.8e-05,0,1361
349,"Jul 05, 2016",6.7e-05,6.7e-05,6.7e-05,6.7e-05,0,1364
350,"Jul 03, 2016",6.3e-05,6.3e-05,6.3e-05,6.3e-05,2,1286
351,"Jul 02, 2016",6.1e-05,6.3e-05,6.1e-05,6.3e-05,2,1238
352,"Jul 01, 2016",6.7e-05,6.9e-05,6.7e-05,6.7e-05,0,1367
353,"Jun 30, 2016",6.7e-05,6.8e-05,6.7e-05,6.7e-05,0,1359
354,"Jun 29, 2016",5.7999999999999994e-05,5.7999999999999994e-05,5.6999999999999996e-05,5.6999999999999996e-05,7,1182
355,"Jun 28, 2016",6.6e-05,6.6e-05,5.7999999999999994e-05,5.7999999999999994e-05,7,1330
356,"Jun 27, 2016",6.3e-05,7e-05,6.2e-05,6.500000000000001e-05,0,1277
357,"Jun 26, 2016",0.000106,0.00010700000000000001,6.2e-05,6.3e-05,2,2160
358,"Jun 25, 2016",9.300000000000001e-05,0.000109,9.300000000000001e-05,0.000106,1,1891
359,"Jun 24, 2016",7.5e-05,9.300000000000001e-05,7.099999999999999e-05,9.300000000000001e-05,1,1524
360,"Jun 20, 2016",8.4e-05,8.4e-05,8.1e-05,8.1e-05,0,1705
361,"Jun 19, 2016",9.8e-05,9.8e-05,7.5e-05,8.4e-05,1,1995
362,"Jun 18, 2016",0.00011999999999999999,0.00011999999999999999,9.7e-05,9.8e-05,1,2432
363,"Jun 17, 2016",0.000121,0.000121,0.000118,0.00011999999999999999,4,2453
364,"Jun 16, 2016",6.9e-05,7.7e-05,6.9e-05,7.6e-05,0,1410
365,"Jun 15, 2016",7.5e-05,7.5e-05,6.1e-05,6.9e-05,0,1531
366,"Jun 14, 2016",6.3e-05,7.6e-05,6.2e-05,7.5e-05,0,1287
367,"Jun 13, 2016",6.2e-05,6.4e-05,6.2e-05,6.3e-05,0,1267
368,"Jun 09, 2016",4.7e-05,4.7e-05,4.6e-05,4.6e-05,2,944
369,"Jun 08, 2016",6.3e-05,6.9e-05,4.6e-05,4.7e-05,2,1287
370,"Jun 07, 2016",8.3e-05,8.9e-05,6.3e-05,6.3e-05,110,1675
371,"May 30, 2016",4.2e-05,4.3e-05,4.2e-05,4.3e-05,0,854
372,"May 29, 2016",4.2e-05,4.4e-05,4.1e-05,4.2e-05,0,843
373,"May 28, 2016",4.3e-05,4.5e-05,4.3e-05,4.5e-05,0,865
374,"May 27, 2016",3.6e-05,4.3e-05,3.6e-05,4.3e-05,0,736
375,"May 26, 2016",3.1e-05,3.6e-05,3.1e-05,3.6e-05,0,639
376,"May 25, 2016",3.1e-05,3.2e-05,3.1e-05,3.1e-05,0,639
377,"May 22, 2016",3.1e-05,3.1e-05,3.1e-05,3.1e-05,1,630
378,"May 21, 2016",2.7000000000000002e-05,3.1e-05,2.7000000000000002e-05,3.1e-05,1,538
379,"May 20, 2016",2.6000000000000002e-05,2.7000000000000002e-05,2.6000000000000002e-05,2.7000000000000002e-05,0,534
380,"May 19, 2016",2.7000000000000002e-05,2.7000000000000002e-05,2.6000000000000002e-05,2.6000000000000002e-05,0,554
381,"May 18, 2016",2.7000000000000002e-05,2.7000000000000002e-05,2.7000000000000002e-05,2.7000000000000002e-05,6,554
382,"May 15, 2016",3.6e-05,3.7e-05,3.6e-05,3.7e-05,0,740
383,"May 14, 2016",4.1e-05,4.6e-05,3.6e-05,3.6e-05,0,832
384,"May 13, 2016",4.1e-05,4.1e-05,4.1e-05,4.1e-05,1,829
385,"May 11, 2016",3.6e-05,3.6e-05,3.6e-05,3.6e-05,0,732
386,"May 10, 2016",6.4e-05,6.500000000000001e-05,3.6e-05,3.6e-05,0,1309
387,"May 09, 2016",6.9e-05,7.4e-05,6.4e-05,6.4e-05,0,1396
388,"May 08, 2016",3.7e-05,6.9e-05,3.7e-05,6.9e-05,0,745
389,"May 07, 2016",4.1e-05,4.1e-05,3.7e-05,3.7e-05,1,839
390,"May 04, 2016",5.4000000000000005e-05,5.4000000000000005e-05,5.3e-05,5.4000000000000005e-05,0,1097
391,"May 03, 2016",4.4e-05,5.7999999999999994e-05,4.4e-05,5.4000000000000005e-05,0,903
392,"May 02, 2016",4.5e-05,4.5e-05,3.6e-05,4.4e-05,1,917
393,"May 01, 2016",4e-05,4.5e-05,3.6e-05,4.5e-05,1,819
394,"Apr 30, 2016",5.5e-05,5.5e-05,3.6e-05,4e-05,1,1108
395,"Apr 29, 2016",5.4000000000000005e-05,5.5e-05,5.4000000000000005e-05,5.5e-05,0,1096
396,"Apr 28, 2016",4.9e-05,4.9e-05,4.8e-05,4.9e-05,0,993
397,"Apr 27, 2016",7.5e-05,7.5e-05,4.9e-05,4.9e-05,0,1514
398,"Apr 26, 2016",5.9999999999999995e-05,8.8e-05,5.9999999999999995e-05,7.5e-05,9,1218
399,"Apr 25, 2016",6.4e-05,6.500000000000001e-05,5.9999999999999995e-05,5.9999999999999995e-05,0,1303
400,"Apr 24, 2016",7.2e-05,7.7e-05,6.3e-05,6.4e-05,0,1462
401,"Apr 23, 2016",7.099999999999999e-05,7.2e-05,7.099999999999999e-05,7.2e-05,2,1448
402,"Apr 22, 2016",5.7999999999999994e-05,7.2e-05,5.7999999999999994e-05,7.099999999999999e-05,4,1178
403,"Apr 21, 2016",6.2e-05,6.3e-05,6.2e-05,6.3e-05,0,1254
404,"Apr 20, 2016",6.500000000000001e-05,6.6e-05,6.2e-05,6.2e-05,0,1326
405,"Apr 19, 2016",7.3e-05,7.3e-05,6.4e-05,6.500000000000001e-05,0,1479
406,"Apr 18, 2016",7.3e-05,8.6e-05,7.3e-05,7.3e-05,1,1475
407,"Apr 17, 2016",8.2e-05,8.2e-05,7.2e-05,7.3e-05,0,1661
408,"Apr 16, 2016",7.3e-05,8.2e-05,7.3e-05,8.2e-05,0,1485
409,"Apr 15, 2016",6.8e-05,6.9e-05,6.8e-05,6.9e-05,0,1378
410,"Apr 14, 2016",6.8e-05,7.2e-05,6.8e-05,6.8e-05,0,1376
411,"Apr 13, 2016",6.4e-05,7.7e-05,6.4e-05,6.8e-05,2,1295
412,"Apr 12, 2016",6.8e-05,6.8e-05,6.4e-05,6.4e-05,8,1381
413,"Apr 11, 2016",5.9e-05,5.9e-05,5.9e-05,5.9e-05,0,1199
414,"Apr 10, 2016",5.5e-05,5.9e-05,5.5e-05,5.9e-05,0,1107
415,"Apr 09, 2016",5.9e-05,5.9e-05,4.6e-05,5.5e-05,5,1196
416,"Apr 08, 2016",6.3e-05,6.4e-05,5.5e-05,5.9e-05,0,1287
417,"Apr 07, 2016",5.9e-05,6.4e-05,3.4e-05,6.3e-05,7,1203
418,"Apr 06, 2016",5.1e-05,5.9e-05,4.2e-05,5.9e-05,0,1033
419,"Apr 05, 2016",6.3e-05,6.3e-05,5.1e-05,5.1e-05,0,1288
420,"Apr 03, 2016",6.3e-05,6.3e-05,6.3e-05,6.3e-05,0,1282
421,"Apr 02, 2016",7.5e-05,7.6e-05,6.3e-05,6.3e-05,0,1527
422,"Apr 01, 2016",6.7e-05,7.5e-05,6.2e-05,7.5e-05,52,1353
423,"Mar 31, 2016",6.6e-05,6.7e-05,6.6e-05,6.7e-05,0,1347
424,"Mar 30, 2016",7.5e-05,7.5e-05,6.6e-05,6.6e-05,1,1523
425,"Mar 29, 2016",7.5e-05,7.5e-05,7.5e-05,7.5e-05,0,1513
426,"Mar 28, 2016",6.4e-05,6.4e-05,6.4e-05,6.4e-05,21,1299
427,"Mar 27, 2016",7.900000000000001e-05,8e-05,6.3e-05,6.4e-05,21,1613
428,"Mar 26, 2016",7.900000000000001e-05,8e-05,6.7e-05,7.900000000000001e-05,2,1609
429,"Mar 25, 2016",6.2e-05,7.900000000000001e-05,6.2e-05,7.900000000000001e-05,0,1268
430,"Mar 24, 2016",8.4e-05,8.4e-05,6.2e-05,6.2e-05,2,1697
431,"Mar 23, 2016",7.099999999999999e-05,8.4e-05,6.3e-05,8.4e-05,3,1443
432,"Mar 22, 2016",6.2e-05,7.5e-05,6.2e-05,7.099999999999999e-05,6,1258
433,"Mar 21, 2016",4.1e-05,6.2e-05,4.1e-05,6.2e-05,43,839
434,"Mar 20, 2016",2.5e-05,5.7999999999999994e-05,2.5e-05,4.1e-05,2,500
435,"Mar 19, 2016",2e-05,6.1e-05,2e-05,2.5e-05,98,415
436,"Mar 18, 2016",2e-05,2e-05,2e-05,2e-05,0,412
437,"Mar 16, 2016",2.1e-05,2.1e-05,2.1e-05,2.1e-05,0,423
438,"Mar 15, 2016",2.1e-05,2.5e-05,2.1e-05,2.1e-05,0,423
439,"Mar 14, 2016",8e-06,2.1e-05,8e-06,2.1e-05,0,168
440,"Mar 13, 2016",2.5e-05,2.5e-05,8e-06,8e-06,3,501
441,"Mar 12, 2016",2.5e-05,2.5e-05,2.5e-05,2.5e-05,0,513
442,"Mar 11, 2016",2.5e-05,3.8e-05,2.5e-05,2.5e-05,3,508
443,"Mar 10, 2016",2.8999999999999997e-05,2.8999999999999997e-05,2.5e-05,2.5e-05,1,588
444,"Mar 08, 2016",2.8999999999999997e-05,2.8999999999999997e-05,2.8999999999999997e-05,2.8999999999999997e-05,0,589
445,"Mar 07, 2016",2.8999999999999997e-05,2.8999999999999997e-05,2.8000000000000003e-05,2.8999999999999997e-05,0,579
446,"Mar 06, 2016",3.2e-05,4.1e-05,2.8000000000000003e-05,2.8999999999999997e-05,4,650
447,"Mar 05, 2016",4.9e-05,4.9e-05,2.4e-05,3.2e-05,1,1001
448,"Mar 04, 2016",2.5e-05,5e-05,2.5e-05,4.9e-05,5,513
449,"Mar 03, 2016",1.7e-05,1.7e-05,1.7e-05,1.7e-05,0,344
450,"Mar 02, 2016",2.9999999999999997e-05,3.1e-05,1.7e-05,1.7e-05,1,618
451,"Mar 01, 2016",2.6000000000000002e-05,3.1e-05,1.7e-05,2.9999999999999997e-05,3,533
452,"Feb 29, 2016",2.2e-05,5.3e-05,2.2e-05,2.6000000000000002e-05,18,440
453,"Feb 28, 2016",3.5e-05,3.5e-05,2.2e-05,2.2e-05,6,705
454,"Feb 27, 2016",9e-06,9e-06,9e-06,9e-06,0,176
455,"Feb 26, 2016",8e-06,1.7e-05,8e-06,9e-06,0,172
456,"Feb 25, 2016",1.7e-05,1.7e-05,8e-06,8e-06,3,345
457,"Feb 24, 2016",2.1e-05,2.1e-05,2.1e-05,2.1e-05,0,427
458,"Feb 23, 2016",2.1e-05,2.1e-05,2.1e-05,2.1e-05,0,428
459,"Feb 21, 2016",1.3000000000000001e-05,1.3000000000000001e-05,1.3000000000000001e-05,1.3000000000000001e-05,0,267
460,"Feb 20, 2016",1.3000000000000001e-05,2.2e-05,1.3000000000000001e-05,1.3000000000000001e-05,0,256
461,"Feb 19, 2016",1.3000000000000001e-05,1.3000000000000001e-05,1.3000000000000001e-05,1.3000000000000001e-05,0,257
462,"Feb 18, 2016",2.1e-05,2.1e-05,2.1e-05,2.1e-05,0,423
463,"Feb 17, 2016",2e-05,2.1e-05,2e-05,2.1e-05,0,414
464,"Feb 16, 2016",2e-05,2e-05,2e-05,2e-05,0,407
465,"Feb 15, 2016",2e-05,2e-05,2e-05,2e-05,0,411
466,"Feb 14, 2016",8e-06,8e-06,8e-06,8e-06,1,160
467,"Feb 13, 2016",8e-06,8e-06,8e-06,8e-06,1,158
468,"Feb 11, 2016",1.4999999999999999e-05,1.4999999999999999e-05,1.4999999999999999e-05,1.4999999999999999e-05,0,310
469,"Feb 10, 2016",1.1e-05,1.4999999999999999e-05,1.1e-05,1.4999999999999999e-05,0,229
470,"Feb 09, 2016",2.2e-05,2.3e-05,1.1e-05,1.1e-05,1,455
471,"Feb 08, 2016",2.2e-05,2.3e-05,2.2e-05,2.2e-05,0,455
472,"Feb 07, 2016",1.1e-05,1.1e-05,1.1e-05,1.1e-05,0,229
473,"Feb 06, 2016",1.1e-05,1.1e-05,1.1e-05,1.1e-05,0,229
474,"Feb 05, 2016",1.2e-05,1.2e-05,1.2e-05,1.2e-05,1,237
475,"Feb 04, 2016",1.4999999999999999e-05,1.4999999999999999e-05,1.1e-05,1.2e-05,1,300
476,"Feb 03, 2016",1.9e-05,1.9e-05,1.4999999999999999e-05,1.4999999999999999e-05,0,380
477,"Feb 02, 2016",2.6000000000000002e-05,2.6000000000000002e-05,1.9e-05,1.9e-05,1,530
478,"Feb 01, 2016",1.1e-05,2.6000000000000002e-05,1.1e-05,2.6000000000000002e-05,1,225
479,"Jan 31, 2016",2.3e-05,2.3e-05,1.1e-05,1.1e-05,3,461
480,"Jan 30, 2016",2.9999999999999997e-05,2.9999999999999997e-05,2.3e-05,2.3e-05,0,615
481,"Jan 29, 2016",2.9999999999999997e-05,2.9999999999999997e-05,2.9999999999999997e-05,2.9999999999999997e-05,1,616
482,"Jan 28, 2016",2.4e-05,2.4e-05,2.3e-05,2.3e-05,0,481
483,"Jan 27, 2016",1.6e-05,3.2e-05,1.6e-05,2.4e-05,0,319
484,"Jan 26, 2016",2.7000000000000002e-05,2.8000000000000003e-05,1.6e-05,1.6e-05,2,557
485,"Jan 25, 2016",2.8000000000000003e-05,2.8000000000000003e-05,2.7000000000000002e-05,2.7000000000000002e-05,0,572
486,"Jan 24, 2016",2.7000000000000002e-05,2.8000000000000003e-05,2.7000000000000002e-05,2.8000000000000003e-05,0,551
487,"Jan 23, 2016",2.7000000000000002e-05,2.8000000000000003e-05,2.7000000000000002e-05,2.7000000000000002e-05,4,543
488,"Jan 22, 2016",2.8999999999999997e-05,2.8999999999999997e-05,1.6e-05,2.7000000000000002e-05,2,582
489,"Jan 21, 2016",3.4e-05,3.4e-05,2e-05,2.8999999999999997e-05,1,681
490,"Jan 20, 2016",2.9999999999999997e-05,3.4e-05,2.9999999999999997e-05,3.4e-05,2,617
491,"Jan 19, 2016",3.9e-05,3.9e-05,1.9e-05,2.9999999999999997e-05,15,786
492,"Jan 18, 2016",4.2e-05,4.2e-05,1.9e-05,3.9e-05,14,852
493,"Jan 17, 2016",9.300000000000001e-05,9.4e-05,2.3e-05,4.2e-05,106,1886
494,"Jan 16, 2016",0.00011,0.00011399999999999999,7e-05,9.300000000000001e-05,25,2223
495,"Jan 15, 2016",9e-05,0.00011899999999999999,7.4e-05,0.00011,19,1834
496,"Jan 14, 2016",5.2000000000000004e-05,9.1e-05,5.1e-05,9e-05,32,1053
497,"Jan 13, 2016",9.6e-05,0.00015,5.1e-05,5.2000000000000004e-05,29,1941
498,"Jan 12, 2016",9.4e-05,0.000138,8e-05,9.6e-05,23,1910
499,"Jan 11, 2016",8.499999999999999e-05,9.4e-05,7.5e-05,9.4e-05,7,1730
500,"Jan 10, 2016",5.7999999999999994e-05,0.000146,5.7999999999999994e-05,8.499999999999999e-05,54,1183
501,"Jan 09, 2016",6.8e-05,6.8e-05,5.7999999999999994e-05,5.7999999999999994e-05,25,1380
502,"Jan 08, 2016",6.9e-05,6.9e-05,6.4e-05,6.8e-05,7,1393
503,"Jan 07, 2016",5.9999999999999995e-05,6.9e-05,4.9e-05,6.9e-05,16,1222
504,"Jan 06, 2016",4.8e-05,5.9999999999999995e-05,3.4e-05,5.9999999999999995e-05,12,964
505,"Jan 05, 2016",4.3e-05,4.8e-05,3.9e-05,4.8e-05,2,879
506,"Jan 04, 2016",4.3e-05,4.3e-05,3.9e-05,4.3e-05,5,873
507,"Jan 03, 2016",4.3e-05,4.3e-05,4.2e-05,4.3e-05,0,880
508,"Jan 02, 2016",4.3e-05,4.4e-05,3.5e-05,4.3e-05,1,882
509,"Jan 01, 2016",3.4e-05,4.3e-05,3.4e-05,4.3e-05,1,699
510,"Dec 31, 2015",3.8e-05,3.8e-05,3.3e-05,3.4e-05,0,778
511,"Dec 30, 2015",3.9e-05,3.9e-05,3.4e-05,3.8e-05,0,792
512,"Dec 29, 2015",4.6e-05,4.7e-05,3.4e-05,3.9e-05,2,942
513,"Dec 28, 2015",2.9999999999999997e-05,4.7e-05,2.9999999999999997e-05,4.6e-05,1,601
514,"Dec 27, 2015",5.4000000000000005e-05,5.4000000000000005e-05,2.8999999999999997e-05,2.9999999999999997e-05,1,1099
515,"Dec 26, 2015",6.4e-05,6.4e-05,5.3e-05,5.4000000000000005e-05,1,1295
516,"Dec 25, 2015",6.8e-05,6.9e-05,2.7000000000000002e-05,6.4e-05,6,1385
517,"Dec 24, 2015",6.6e-05,6.9e-05,6.6e-05,6.8e-05,3,1347
518,"Dec 23, 2015",3.5e-05,6.7e-05,3.1e-05,6.6e-05,22,712
519,"Dec 22, 2015",3.5e-05,3.5e-05,3.5e-05,3.5e-05,0,710
520,"Dec 21, 2015",3.5e-05,3.6e-05,3.5e-05,3.5e-05,0,708
521,"Dec 19, 2015",3.7e-05,3.7e-05,3.7e-05,3.7e-05,0,753
522,"Dec 18, 2015",3.6e-05,3.7e-05,3.6e-05,3.7e-05,0,740
523,"Dec 17, 2015",3.6e-05,3.7e-05,2.7000000000000002e-05,3.6e-05,2,738
524,"Dec 16, 2015",3.3e-05,3.7e-05,2.2e-05,3.6e-05,1,661
525,"Dec 15, 2015",3.1e-05,3.3e-05,3.1e-05,3.3e-05,0,631
526,"Dec 14, 2015",2.9999999999999997e-05,3.1e-05,2.9999999999999997e-05,3.1e-05,0,616
527,"Dec 13, 2015",2.9999999999999997e-05,3.1e-05,2.9999999999999997e-05,2.9999999999999997e-05,0,618
528,"Dec 12, 2015",2.8999999999999997e-05,3.1e-05,2.5e-05,2.9999999999999997e-05,0,595
529,"Dec 11, 2015",2.8999999999999997e-05,3.2e-05,2.8999999999999997e-05,3.2e-05,1,590
530,"Dec 10, 2015",2.8999999999999997e-05,2.8999999999999997e-05,2.5e-05,2.5e-05,0,594
531,"Dec 09, 2015",2.1e-05,2.8999999999999997e-05,2e-05,2.8999999999999997e-05,0,422
532,"Dec 08, 2015",1.6e-05,2.8000000000000003e-05,1.6e-05,2.1e-05,1,321
533,"Dec 07, 2015",2.7000000000000002e-05,2.8000000000000003e-05,1.6e-05,1.6e-05,3,554
534,"Dec 06, 2015",3.5e-05,3.6e-05,2.7000000000000002e-05,2.7000000000000002e-05,2,712
535,"Dec 05, 2015",3.3e-05,3.5e-05,3.3e-05,3.5e-05,2,664
536,"Dec 04, 2015",2.2e-05,3.3e-05,2.2e-05,3.3e-05,5,440
537,"Dec 03, 2015",3.5e-05,4.7e-05,2.2e-05,2.2e-05,0,712
538,"Dec 02, 2015",3.1e-05,3.9e-05,2.9999999999999997e-05,3.5e-05,15,624
539,"Dec 01, 2015",2.6000000000000002e-05,3.4e-05,2.5e-05,3.1e-05,4,536
540,"Nov 30, 2015",4e-06,2.7000000000000002e-05,4e-06,2.6000000000000002e-05,5,77
541,"Nov 29, 2015",2.6000000000000002e-05,2.8999999999999997e-05,4e-06,4e-06,14,533
542,"Nov 28, 2015",2.8999999999999997e-05,2.8999999999999997e-05,2.1e-05,2.6000000000000002e-05,2,591
543,"Nov 27, 2015",3.2e-05,3.2e-05,2.8000000000000003e-05,2.8999999999999997e-05,2,643
544,"Nov 26, 2015",2.9999999999999997e-05,3.3e-05,2.9999999999999997e-05,3.1e-05,0,600
545,"Nov 25, 2015",3.2e-05,3.3e-05,2.2e-05,2.9999999999999997e-05,5,650
546,"Nov 24, 2015",2.8999999999999997e-05,3.2e-05,2.2e-05,3.2e-05,0,590
547,"Nov 23, 2015",2.8999999999999997e-05,2.8999999999999997e-05,2.6000000000000002e-05,2.8999999999999997e-05,0,592
548,"Nov 22, 2015",2.6000000000000002e-05,2.8999999999999997e-05,2.6000000000000002e-05,2.8999999999999997e-05,0,531
549,"Nov 21, 2015",3.9e-05,3.9e-05,2.6000000000000002e-05,2.6000000000000002e-05,1,784
550,"Nov 20, 2015",5.1e-05,5.1e-05,2.2e-05,3.9e-05,0,1030
551,"Nov 19, 2015",3.6e-05,5.1e-05,1e-05,5.1e-05,64,725
552,"Nov 18, 2015",7e-05,7.099999999999999e-05,3.4e-05,3.6e-05,24,1426
553,"Nov 17, 2015",3.3e-05,7.099999999999999e-05,3.3e-05,7e-05,34,679
554,"Nov 16, 2015",2.8999999999999997e-05,2.9999999999999997e-05,2.8000000000000003e-05,2.9999999999999997e-05,2,584
555,"Nov 15, 2015",2.7000000000000002e-05,3.2e-05,2.7000000000000002e-05,2.8999999999999997e-05,5,540
556,"Nov 14, 2015",3.7e-05,3.7e-05,2.6000000000000002e-05,2.7000000000000002e-05,0,751
557,"Nov 13, 2015",3.7e-05,3.8e-05,3.6e-05,3.7e-05,0,755
558,"Nov 12, 2015",2.8000000000000003e-05,3.7e-05,2.8000000000000003e-05,3.7e-05,57,573
559,"Nov 11, 2015",2e-05,2.8999999999999997e-05,1.8e-05,2.8000000000000003e-05,4,413
560,"Nov 10, 2015",3.4e-05,3.4e-05,2e-05,2e-05,0,694
561,"Nov 09, 2015",3.4e-05,3.4e-05,2.2e-05,3.4e-05,2,683
562,"Nov 08, 2015",2.7000000000000002e-05,3.5e-05,1.9e-05,3.4e-05,2,545
563,"Nov 07, 2015",2.6000000000000002e-05,3.1e-05,1.9e-05,2.7000000000000002e-05,3,531
564,"Nov 06, 2015",1.6e-05,3.2e-05,1.2e-05,2.6000000000000002e-05,13,315
565,"Nov 05, 2015",4.5e-05,0.00018700000000000002,1.3000000000000001e-05,1.4999999999999999e-05,142,910
566,"Nov 04, 2015",5.2000000000000004e-05,6.4e-05,4.2e-05,4.5e-05,15,1064
567,"Nov 03, 2015",4.7e-05,5.4000000000000005e-05,3.6e-05,5.2000000000000004e-05,5,954
568,"Nov 02, 2015",3.6e-05,4.7e-05,2.3e-05,4.7e-05,3,727
569,"Nov 01, 2015",3.5e-05,3.6e-05,3.1e-05,3.6e-05,0,702
570,"Oct 31, 2015",2e-05,3.5e-05,1.9e-05,3.5e-05,6,400
571,"Oct 30, 2015",3.5e-05,3.7e-05,3.5e-05,3.5e-05,1,700
572,"Oct 29, 2015",4.3e-05,4.3e-05,2.5e-05,3.5e-05,9,863
573,"Oct 28, 2015",4.7e-05,4.8e-05,2.9999999999999997e-05,4.3e-05,15,952
574,"Oct 27, 2015",4.6e-05,5e-05,2.4e-05,4.7e-05,5,925
575,"Oct 26, 2015",4.5e-05,4.6e-05,3.7e-05,4.6e-05,8,919
576,"Oct 25, 2015",4.5e-05,7e-05,4.5e-05,4.5e-05,30,914
577,"Oct 24, 2015",7.7e-05,7.8e-05,2.6000000000000002e-05,4.5e-05,41,1569
578,"Oct 23, 2015",4.1e-05,7.8e-05,3.9e-05,7.7e-05,6,832
579,"Oct 22, 2015",4.8e-05,5.1e-05,2.2e-05,4.1e-05,52,972
580,"Oct 21, 2015",0.000156,0.000157,1.6e-05,4.8e-05,59,3164
581,"Oct 20, 2015",0.000153,0.000156,0.000105,0.000156,3,3103
582,"Oct 19, 2015",9.4e-05,0.00016,9.4e-05,0.000153,7,1910
583,"Oct 18, 2015",0.00014099999999999998,0.000172,6.7e-05,9.4e-05,15,2863
584,"Oct 17, 2015",0.00017900000000000001,0.000225,0.000139,0.00014099999999999998,11,3632
585,"Oct 16, 2015",0.00022,0.00022,0.00010800000000000001,0.00017900000000000001,6,4463
586,"Oct 15, 2015",0.000297,0.000301,8.1e-05,0.00022,54,6025
587,"Oct 14, 2015",0.000312,0.00031299999999999996,0.00022999999999999998,0.000297,0,6316
588,"Oct 13, 2015",0.000251,0.000312,0.00020800000000000001,0.000312,7,5090
589,"Oct 12, 2015",0.000338,0.000339,0.000223,0.000251,1,6848
590,"Oct 11, 2015",0.000245,0.000339,0.00020800000000000001,0.000338,9,4954
591,"Oct 10, 2015",0.000244,0.000245,0.00024300000000000002,0.000245,2,4933
592,"Oct 09, 2015",0.00020099999999999998,0.000245,0.000168,0.000244,21,4073
593,"Oct 08, 2015",0.00027,0.000336,0.000195,0.00020099999999999998,83,5459
594,"Oct 07, 2015",0.000308,0.00035,0.000269,0.00027,15,6222
595,"Oct 06, 2015",0.000356,0.000356,0.000301,0.000308,7,7195
596,"Oct 05, 2015",0.000384,0.000384,0.00032599999999999996,0.000356,9,7760
597,"Oct 04, 2015",0.00035299999999999996,0.000384,0.000286,0.000384,20,7137
598,"Oct 03, 2015",0.000368,0.00036899999999999997,0.000239,0.00035299999999999996,56,7432
599,"Oct 02, 2015",0.000278,0.000368,0.000278,0.000368,17,5613
600,"Oct 01, 2015",0.0003,0.000381,0.000278,0.000278,43,6057
601,"Sep 30, 2015",0.000291,0.000304,0.00023999999999999998,0.0003,15,5871
602,"Sep 29, 2015",0.000331,0.000332,0.000245,0.000291,8,6682
603,"Sep 28, 2015",0.000221,0.000373,0.000221,0.000331,14,4462
604,"Sep 27, 2015",0.000337,0.000412,0.000221,0.000221,40,6807
605,"Sep 26, 2015",0.000414,0.000417,0.000337,0.000337,5,8344
606,"Sep 25, 2015",0.00044100000000000004,0.000449,0.000336,0.000414,13,8886
607,"Sep 24, 2015",0.00042800000000000005,0.000446,0.000321,0.00044100000000000004,11,8641
608,"Sep 23, 2015",0.000411,0.00042800000000000005,0.00032599999999999996,0.00042800000000000005,18,8290
609,"Sep 22, 2015",0.000218,0.000411,0.000218,0.00041,64,4394
610,"Sep 21, 2015",0.00024300000000000002,0.00044500000000000003,0.000217,0.000218,95,4896
611,"Sep 20, 2015",0.000227,0.000348,0.000206,0.00024300000000000002,45,4576
612,"Sep 19, 2015",0.000233,0.000233,0.000156,0.000227,75,4698
613,"Sep 18, 2015",0.000239,0.00025499999999999996,0.000221,0.000233,28,4814
614,"Sep 17, 2015",0.000321,0.000322,0.000223,0.000239,11,6460
615,"Sep 16, 2015",0.000458,0.00045999999999999996,0.00022400000000000002,0.000321,65,9231
616,"Sep 15, 2015",0.000364,0.000493,0.000331,0.000458,40,7335
617,"Sep 14, 2015",0.000323,0.00053,0.000321,0.000364,34,6503
618,"Sep 13, 2015",0.00044699999999999997,0.00044800000000000005,0.000321,0.000323,10,9002
619,"Sep 12, 2015",0.000401,0.00047300000000000006,0.0003,0.00044699999999999997,13,8076
620,"Sep 11, 2015",0.00036899999999999997,0.000505,0.000306,0.000401,38,7437
621,"Sep 10, 2015",0.000348,0.000558,0.000295,0.00037,54,7005
622,"Sep 09, 2015",0.000365,0.000366,0.000283,0.000348,39,7350
623,"Sep 08, 2015",0.000589,0.000604,0.00021099999999999998,0.000365,39,11846
624,"Sep 07, 2015",0.000681,0.0009660000000000001,0.000196,0.000589,119,13713
625,"Sep 06, 2015",0.000147,0.001315,0.000147,0.000681,949,2967
626,"Sep 05, 2015",0.000157,0.00021899999999999998,0.000146,0.000148,23,3150
627,"Sep 04, 2015",0.000166,0.00031099999999999997,0.000148,0.000157,78,3347
628,"Sep 03, 2015",0.00029,0.000299,0.000145,0.000166,172,5845
629,"Sep 02, 2015",0.000229,0.002283,0.000184,0.00029,1733,4602
630,"Sep 01, 2015",0.00042699999999999997,0.0005139999999999999,0.00018600000000000002,0.000229,176,8590
631,"Aug 31, 2015",0.001256,0.00135,0.000218,0.000342,159,25266
632,"Aug 30, 2015",0.002915,0.002931,0.00059,0.001254,556,58618
633,"Aug 29, 2015",0.002782,0.002991,0.000805,0.002914,283,55935
634,"Aug 28, 2015",0.0027,0.003139,0.002283,0.002781,51,54274
635,"Aug 27, 2015",0.0027129999999999997,0.0032670000000000004,0.002691,0.0027010000000000003,190,54504
636,"Aug 26, 2015",0.003303,0.003355,0.00247,0.00271,322,66365
637,"Aug 25, 2015",0.002365,0.0033520000000000004,0.002123,0.003296,161,47510
638,"Aug 24, 2015",0.0035789999999999997,0.0038369999999999997,0.0013599999999999999,0.00237,205,71865
639,"Aug 23, 2015",0.002548,0.003858,0.002545,0.00358,327,51151
640,"Aug 22, 2015",0.005337,0.006953,0.002443,0.002548,438,107119
641,"Aug 21, 2015",0.006509,0.0070599999999999994,0.003544,0.005335,366,130633
